"Timestamp","Token change","Token balance","Transaction type","User","Note"
"2025-03-20 20:17:31.631696",1,415,"Tip received","user1","Sadly must run and get ready for work - see you soon Hony"
"2025-03-20 20:17:07.154782",1,414,"Tip received","user1","Yummm"
"2025-03-20 20:09:49.032049",1,413,"Tip received","user1",""
"2025-03-20 20:09:42.799520",1,412,"Tip received","user1",""
"2025-03-20 20:05:58.312562",1,411,"Tip received","user1","Always a pleasure to stroke with you Hony"
"2025-03-20 20:02:44.061173",1,410,"Tip received","user1",""
"2025-03-20 19:57:48.345205",1,409,"Tip received","user1","You look delicious!"
"2025-03-20 19:55:45.932293",1,408,"Tip received","user1",""
"2025-03-20 19:55:42.528673",1,407,"Tip received","user1",""
"2025-03-20 19:53:25.769484",1,406,"Tip received","user1",""
"2025-03-20 19:51:29.311283",1,405,"Tip received","user1",""
"2025-03-20 19:51:25.497658",1,404,"Tip received","user1",""
"2025-03-20 19:48:59.049819",1,403,"Tip received","user2","Definitely a lovely looking pussy!"
"2025-03-19 20:18:49.348432",1,402,"Tip received","user3",""
"2025-03-19 20:18:47.428518",1,401,"Tip received","user3",""
"2025-03-19 20:18:45.694510",1,400,"Tip received","user3",""
"2025-03-19 20:18:14.680440",1,399,"Tip received","user3","Loving those heels too 😉🔥"
"2025-03-19 20:17:56.452355",1,398,"Tip received","user3","😍"
"2025-03-19 20:17:52.402614",1,397,"Tip received","user3","I love what i see"
"2025-03-19 20:17:14.496360",1,396,"Tip received","user3","Thank you! "
"2025-03-19 20:17:04.457924",1,395,"Tip received","user3","😍"
"2025-03-19 20:16:45.801448",1,394,"Tip received","user3","Hello! "
"2025-03-19 00:16:59.213771",25,393,"Tip received","user4","Thanks for your time "
"2025-03-18 22:27:48.806279",1,368,"Tip received","user5",""
"2025-03-18 22:27:42.971284",1,367,"Tip received","user5",""
"2025-03-18 22:27:37.270489",1,366,"Tip received","user5",""
"2025-03-18 22:27:35.305271",1,365,"Tip received","user5",""
"2025-03-14 01:40:37.232358",-1400,63,"Tokens cashed out","",""
"2025-03-14 01:40:10.503691",-100,1463,"Tip sent","user6",""
"2023-07-10 20:54:11.658295",15,2020,"Private show","user5",""
"2023-07-10 20:54:01.641618",15,2005,"Private show","user5",""
"2023-07-10 20:53:51.647557",15,1990,"Private show","user5",""
"2023-07-10 20:53:41.676713",15,1975,"Private show","user5",""
"2023-07-10 20:53:31.665693",15,1960,"Private show","user5",""
"2023-07-10 20:53:21.653060",15,1945,"Private show","user5",""
"2023-07-10 20:53:11.764070",5,1930,"Spy on private show","user6",""
"2023-07-10 20:53:11.672621",15,1925,"Private show","user5",""
"2023-07-10 20:53:01.719751",5,1910,"Spy on private show","user6",""
"2023-07-10 20:53:01.655579",15,1905,"Private show","user5",""
"2023-07-10 20:52:51.735503",5,1890,"Spy on private show","user6",""
"2023-07-10 20:52:51.661743",15,1885,"Private show","user5",""
